1000000.
0. 0.
-484.165368 -0.000187 2.439261
0.957171 2.030137 0.904706 0.721145
0.539777 -0.536244 0.350670 0.990869 -0.188481
0.068659 -0.062727  0.652459 -0.451837 -0.295123 0.174832
-0.149672 -0.076104 0.048328 0.057021 -0.086228 -0.267112 0.009502
0.090723 0.280287 0.329760 0.250502 -0.275541 0.001644 -0.358842 0.001380
0.049118 0.023334 0.080071 -0l019252 -0.244358 -0.025498 -0.065859 0.067263 -0.123971
0.027385 0.142223 0.022621 -0.161064 -0.008202 -0.016325 0.062833 -0.118159 0.187984 -0.047725
0.054130 0.083759 -0.093558 -0.007197 -0.084335 -0.049520 -0.037419 0.008208 0.040468 0.125403 0.100382