0.
0. 0.
0. 0.001195 -1.400266
0. 0.248131 -0.618923 1.414204
0. -0.473772 0.662571 -0.200987 0.308848
0. -0.094195 -0.323334 -0.214954 0.049741 -0.669393 
0. 0.026900 -0.373816 0.008890 -0.471405 -0.536410 -0.237262
0. 0.094777 0.093194 -0.217320 -0.124142 0.018075 0.151779 0.024129
0. 0.058499 0.065519 -0.086286 0.069857 0.089090 0.3008921 0.074813 0.120441
0. 0.021910 -0.032175 -0.074546 0.020068 -0.054272 0.222677 -0.096899 -0.003015 0.096586
0.0 -0.131554 -0.051416 -0.154180 -0.078485 -0.050293 -0.079464 -0.003149 -0.091917 -0.037737 -0.023809  